1 0 -60
0 1 -60
2 0 -60
0 2 -60
3 0 -60
0 3 -60
4 0 -60
0 4 -60
5 0 -60
0 5 -60
6 0 -60
0 6 -60
7 0 -60
0 7 -60
8 0 -60
0 8 -60
9 0 -60
0 9 -60
10 0 -60
0 10 -60
11 1 -60
1 11 -60
12 1 -60
1 12 -60
13 1 -60
1 13 -60
14 1 -60
1 14 -60
15 1 -60
1 15 -60
16 1 -60
1 16 -60
17 1 -60
1 17 -60
18 1 -60
1 18 -60
19 1 -60
1 19 -60
20 1 -60
1 20 -60
21 3 -60
3 21 -60
22 3 -60
3 22 -60
23 3 -60
3 23 -60
24 3 -60
3 24 -60
25 3 -60
3 25 -60
26 3 -60
3 26 -60
27 3 -60
3 27 -60
28 3 -60
3 28 -60
29 3 -60
3 29 -60
30 3 -60
3 30 -60
31 25 -60
25 31 -60
32 25 -60
25 32 -60
33 25 -60
25 33 -60
34 25 -60
25 34 -60
35 25 -60
25 35 -60
36 35 -60
35 36 -60
37 35 -60
35 37 -60
38 35 -60
35 38 -60
39 35 -60
35 39 -60
40 35 -60
35 40 -60
1 2 -60
1 3 -60
1 4 -60
1 5 -60
1 6 -60
1 7 -60
1 8 -60
1 9 -60
1 10 -60
2 1 -60
2 3 -60
2 4 -60
2 5 -60
2 6 -60
2 7 -60
2 8 -60
2 9 -60
2 10 -60
3 1 -60
3 2 -60
3 4 -60
3 5 -60
3 6 -60
3 7 -60
3 8 -60
3 9 -60
3 10 -60
4 1 -60
4 2 -60
4 3 -60
4 5 -60
4 6 -60
4 7 -60
4 8 -60
4 9 -60
4 10 -60
5 1 -60
5 2 -60
5 3 -60
5 4 -60
5 6 -60
5 7 -60
5 8 -60
5 9 -60
5 10 -60
6 1 -60
6 2 -60
6 3 -60
6 4 -60
6 5 -60
6 7 -60
6 8 -60
6 9 -60
6 10 -60
7 1 -60
7 2 -60
7 3 -60
7 4 -60
7 5 -60
7 6 -60
7 8 -60
7 9 -60
7 10 -60
8 1 -60
8 2 -60
8 3 -60
8 4 -60
8 5 -60
8 6 -60
8 7 -60
8 9 -60
8 10 -60
9 1 -60
9 2 -60
9 3 -60
9 4 -60
9 5 -60
9 6 -60
9 7 -60
9 8 -60
9 10 -60
10 1 -60
10 2 -60
10 3 -60
10 4 -60
10 5 -60
10 6 -60
10 7 -60
10 8 -60
10 9 -60
11 12 -60
11 13 -60
11 14 -60
11 15 -60
11 16 -60
11 17 -60
11 18 -60
11 19 -60
11 20 -60
12 11 -60
12 13 -60
12 14 -60
12 15 -60
12 16 -60
12 17 -60
12 18 -60
12 19 -60
12 20 -60
13 11 -60
13 12 -60
13 14 -60
13 15 -60
13 16 -60
13 17 -60
13 18 -60
13 19 -60
13 20 -60
14 11 -60
14 12 -60
14 13 -60
14 15 -60
14 16 -60
14 17 -60
14 18 -60
14 19 -60
14 20 -60
15 11 -60
15 12 -60
15 13 -60
15 14 -60
15 16 -60
15 17 -60
15 18 -60
15 19 -60
15 20 -60
16 11 -60
16 12 -60
16 13 -60
16 14 -60
16 15 -60
16 17 -60
16 18 -60
16 19 -60
16 20 -60
17 11 -60
17 12 -60
17 13 -60
17 14 -60
17 15 -60
17 16 -60
17 18 -60
17 19 -60
17 20 -60
18 11 -60
18 12 -60
18 13 -60
18 14 -60
18 15 -60
18 16 -60
18 17 -60
18 19 -60
18 20 -60
19 11 -60
19 12 -60
19 13 -60
19 14 -60
19 15 -60
19 16 -60
19 17 -60
19 18 -60
19 20 -60
20 11 -60
20 12 -60
20 13 -60
20 14 -60
20 15 -60
20 16 -60
20 17 -60
20 18 -60
20 19 -60
21 22 -60
21 23 -60
21 24 -60
21 25 -60
21 26 -60
21 27 -60
21 28 -60
21 29 -60
21 30 -60
22 21 -60
22 23 -60
22 24 -60
22 25 -60
22 26 -60
22 27 -60
22 28 -60
22 29 -60
22 30 -60
23 21 -60
23 22 -60
23 24 -60
23 25 -60
23 26 -60
23 27 -60
23 28 -60
23 29 -60
23 30 -60
24 21 -60
24 22 -60
24 23 -60
24 25 -60
24 26 -60
24 27 -60
24 28 -60
24 29 -60
24 30 -60
25 21 -60
25 22 -60
25 23 -60
25 24 -60
25 26 -60
25 27 -60
25 28 -60
25 29 -60
25 30 -60
26 21 -60
26 22 -60
26 23 -60
26 24 -60
26 25 -60
26 27 -60
26 28 -60
26 29 -60
26 30 -60
27 21 -60
27 22 -60
27 23 -60
27 24 -60
27 25 -60
27 26 -60
27 28 -60
27 29 -60
27 30 -60
28 21 -60
28 22 -60
28 23 -60
28 24 -60
28 25 -60
28 26 -60
28 27 -60
28 29 -60
28 30 -60
29 21 -60
29 22 -60
29 23 -60
29 24 -60
29 25 -60
29 26 -60
29 27 -60
29 28 -60
29 30 -60
30 21 -60
30 22 -60
30 23 -60
30 24 -60
30 25 -60
30 26 -60
30 27 -60
30 28 -60
30 29 -60
31 32 -60
31 33 -60
31 34 -60
31 35 -60
32 31 -60
32 33 -60
32 34 -60
32 35 -60
33 31 -60
33 32 -60
33 34 -60
33 35 -60
34 31 -60
34 32 -60
34 33 -60
34 35 -60
35 31 -60
35 32 -60
35 33 -60
35 34 -60
36 37 -60
36 38 -60
36 39 -60
36 40 -60
37 36 -60
37 38 -60
37 39 -60
37 40 -60
38 36 -60
38 37 -60
38 39 -60
38 40 -60
39 36 -60
39 37 -60
39 38 -60
39 40 -60
40 36 -60
40 37 -60
40 38 -60
40 39 -60
