1 0 -60
0 1 -60
2 0 -60
0 2 -60
3 0 -60
0 3 -60
4 0 -60
0 4 -60
5 0 -60
0 5 -60
6 0 -60
0 6 -60
7 0 -60
0 7 -60
8 0 -60
0 8 -60
9 0 -60
0 9 -60
10 0 -60
0 10 -60
11 1 -60
1 11 -60
12 1 -60
1 12 -60
13 1 -60
1 13 -60
14 1 -60
1 14 -60
15 1 -60
1 15 -60
16 2 -60
2 16 -60
17 2 -60
2 17 -60
18 2 -60
2 18 -60
19 2 -60
2 19 -60
20 2 -60
2 20 -60
21 3 -60
3 21 -60
22 3 -60
3 22 -60
23 3 -60
3 23 -60
24 3 -60
3 24 -60
25 3 -60
3 25 -60
26 3 -60
3 26 -60
27 3 -60
3 27 -60
28 3 -60
3 28 -60
29 3 -60
3 29 -60
30 3 -60
3 30 -60
31 25 -60
25 31 -60
32 25 -60
25 32 -60
33 25 -60
25 33 -60
34 25 -60
25 34 -60
35 25 -60
25 35 -60
36 25 -60
25 36 -60
37 25 -60
25 37 -60
38 25 -60
25 38 -60
39 25 -60
25 39 -60
40 25 -60
25 40 -60
41 40 -60
40 41 -60
42 41 -60
41 42 -60
43 42 -60
42 43 -60
44 43 -60
43 44 -60
1 43 -60
43 1 -60
1 42 -60
42 1 -60
